10022610
10064725
10191264
10202014
10202038
10210773
10229861
10233907
10339488
10340472
10363158
10365752
10377248
10392899
10440232
10477732
10510368
10528209
10553071
10554042
10556202
10586057
10586058
10590072
10606235
10606245
10606246
10610029
10642500
10643964
10706128
10779383
10828020
10828045
10910100
10949085
10979959
11007452
11023824
11049987
11085951
11090049
11103792
11108136
11169739
11248703
11258423
11263661
11438941
11469472
11474579
11502872
11559547
11827174
11830539
11861672
12064832
12064845
12479114
12488502
12520731
12533723
12632071
12670907
12684688
12707992
12759968
12782596
12835654
1328196
1400410
1408152
1427600
14661739
14678988
1491720
15015602
1527086
15375553
15695386
15775538
15806297
15872358
15949339
1601887
16211253
16391805
16398215
16820889
17003917
17085967
1714459
1718961
17273789
17470996
17487425
17525530
18097606
18204200
18989526
19132220
1939199
19578763
1963084
20056077
20388958
2071571
2083253
21155232
21326808
21476304
21540803
22053691
22493372
2284094
23012885
23185892
24273259
24864455
25398805
2547796
25816633
26168478
26341560
26550460
26693052
26897964
27064880
27429845
27987522
28435970
28670491
28770707
28952293
29624354
29637005
31737207
33194034
33294262
33948362
34659891
35141006
35365985
35559420
35702123
35770638
36074971
36628218
36915773
37434818
37434855
37661632
37693135
39046408
7478534
7478599
7507230
7518452
7540064
7542214
7594540
7624133
7718877
7730624
7731687
7798257
7798271
7829523
7848922
7929249
7961665
7961962
7970721
8027069
8051100
8062273
8083220
8089482
8106494
8108135
8119898
8132584
8132667
8134108
8195167
8195169
8195215
8207231
8207232
8208531
8247551
8253775
8262968
8268720
8276819
8288597
8308014
8325885
8340393
8382696
8397253
8408049
8417810
8429019
8429032
8444885
8455950
8597873
8611694
8621915
8630409
8637719
8670878
8689410
8786306
8808703
8882641
8887557
8934537
8950032
8955189
8978682
8978695
9038135
9040943
9089389
9185999
9190940
9218873
9238850
9326246
9361185
9365192
9376596
9413150
9498774
9513715
9551929
9551976
9563852
9590244
9591631
9619443
9620167
9690620
9694711
9717460
9743352
9760836
9840809
9869301
9885213
