10022610
10022840
10022878
10022892
10024886
10030686
10037138
10048763
10064602
10064725
10069428
10074148
10075672
10082129
10082522
10082523
10082526
10082527
10082553
10082562
10085123
10086339
10092656
10098492
10101240
10188725
10191264
10196167
10202014
10202038
10202151
10202152
10203854
10208422
10210773
10224054
10226093
10229861
10233907
10318878
10319323
10327051
10336466
10339488
10340472
10347174
10348347
10358095
10359895
10362252
10363158
10365752
10369418
10373481
10373507
10373624
10377248
10383467
10392899
10394900
10395920
10399365
10405202
10406460
10409662
10409760
10412986
10413606
10418993
10423292
10428780
10428849
10428965
10434034
10435001
10438459
10440232
10440528
10441516
10446188
10446910
10448092
10450520
10452839
10455153
10462506
10464245
10471825
10477732
10480923
10491605
10508276
10510368
10513289
10514482
10514502
10518827
10523670
10524205
10528209
10528224
10532946
10541554
10544022
10545217
10551787
10551840
10553071
10554042
10556202
10557089
10561509
10567368
10567637
10570134
10571019
10573531
10582586
10585427
10585721
10586057
10586058
10590072
10590092
10590480
10593989
10601280
10602487
10602492
10603305
10605938
10606235
10606245
10606246
10606642
10610029
10610177
10611242
10617584
10619021
10620011
10625299
10637317
10637452
10642500
10643964
10648619
10650939
10652194
10652292
10652293
10652338
10657527
10660535
10669633
10674395
10674400
10677215
10677586
10681584
10683516
10684263
10684809
10684980
10688661
10690638
10692396
10692422
10693923
10698309
10698492
10701774
10706128
10708950
10713163
10716982
10716983
10722729
10723128
10724331
10725793
10731103
10734128
10734130
10734136
10734139
10737769
10744676
10747902
10748033
10748108
10749670
10749681
10752062
10764760
10773351
10777486
10777554
10777594
10777619
10779326
10779383
10791953
10792030
10792430
10796884
10799595
10799898
10801783
10806199
10816557
10816597
10820245
10820280
10823830
10828020
10828045
10829028
10830307
10835271
10840054
10843867
10847587
10848593
10849212
10850962
10851080
10856241
10860774
10860926
10864645
10864664
10865841
10866994
10869351
10871606
10873799
10887174
10887516
10888618
10891489
10891494
10893243
10896939
10899572
10900171
10903433
10906122
10909971
10910100
10913166
10913187
10913190
10913260
10915785
10930293
10939628
10949085
10949925
10954607
10956548
10960789
10961988
10962562
10974538
10975840
10976925
10979959
10982390
10982836
10982849
11000266
11004486
11005379
11006292
11007452
11010817
11012671
11014212
11023824
11024011
11024111
11031250
11036068
11038350
11038368
11042689
11049987
11050251
11050389
11058598
11058604
11069301
11070077
11070172
11071890
11074256
11075816
11083868
11085749
11085951
11090049
11090615
11092885
11095928
11097113
11097862
11103792
11108136
11111045
11112784
11114295
11116210
11118624
11121417
11127200
11133226
11133817
11134340
11136972
11137213
11145566
11145693
11145742
11145745
11145955
11149911
11153081
11157678
11158291
11158310
11158325
11158330
11159363
11160217
11160303
11160854
11160903
11162511
11162614
11162889
11164890
11165043
11169739
11175350
11179723
11180011
11189444
11191064
11196473
11212179
11229886
11238674
11238943
11238955
11241666
11244040
11244563
11248233
11248703
11250916
11254710
11258423
11259397
11259503
11263661
11274399
11278336
11278361
11278666
11278738
11279028
11279041
11281289
11283259
11285301
11297512
11306579
11309387
11311563
11311976
11312260
11313879
11313917
11313936
11313996
11322385
11322877
11325519
11327713
11327726
11328853
11328855
11331273
11331422
11336542
11337499
11342629
11342633
11342635
11342639
11348873
11359793
11359842
11368910
11369442
11371554
11371564
11375506
11376120
11389772
11390977
11395503
11397778
11399064
11399774
11402055
11402325
11402335
11415440
11418634
11423545
11423983
11438745
11438833
11438941
11439182
11439334
11440635
11441089
11441910
11443129
11446831
11463576
11463853
11467849
11469472
11470530
11471659
11473119
11473619
11474579
11483599
11485747
11500964
11502586
11502738
11502872
11511535
11511924
11514536
11545748
11553848
11557042
11559547
11559803
11564732
11573134
11576469
11583633
11583993
11585340
11591707
11596110
11604230
11604235
11673276
11677247
11679735
11689553
11694349
11700304
11701445
11704665
11705994
11706010
11708801
11714687
11723240
11727924
11728342
11728812
11733104
11733516
11734555
11741541
11741930
11745388
11745390
11751971
11753650
11753683
11768239
11773055
11773448
11776974
11777930
11779141
11779185
11779502
11781233
11782478
11784081
11786386
11786644
11788714
11792626
11805098
11809858
11809863
11812735
11812772
11821382
11823468
11825899
11827174
11830539
11835312
11835395
11846562
11854279
11859076
11861536
11861672
11868390
11870074
11870371
11875718
11877423
11879638
11884456
11886848
11897999
11907091
11912209
11915042
11923474
11923479
11929766
11943463
11955621
11955626
11955627
11956185
11956291
11959842
11960979
11967217
11970950
11971001
11971135
11973333
11978764
11978798
11981041
11981818
11986330
11988486
11991954
11991981
11997457
12007842
12010125
12011097
12016267
12020827
12021177
12021400
12023365
12032351
12032839
12034740
12039039
12039077
12040019
12048217
12054865
12055092
12055236
12055242
12061776
12063293
12064832
12064845
12065417
12070012
12070172
12072435
12077266
12082635
12083788
12086590
12087177
12095690
12097365
12099698
12099720
12101240
12101253
12101409
12112014
12114266
12114522
12115737
12117724
12118097
12119294
12121977
12130529
12130562
12135604
12135926
12139485
12145290
12145332
12147270
12150994
12151312
12153563
12167337
12176321
12181319
12193410
12196528
12198143
12200232
12202226
12213825
12215258
12215452
12217383
12220737
12223092
12225970
12232043
12235159
12235287
12239105
12242287
12297725
12324448
12355443
12355451
12356737
12360402
12369894
12370291
12370343
12370350
12371906
12372765
12374566
12374808
12377757
12379312
12381793
12388243
12388348
12393272
12393509
12393563
12399542
12403649
12403783
12403833
12406571
12417311
12421992
12427095
12427542
12431989
12433834
12433930
12439744
12441050
12441357
12444925
12446674
12447993
12450213
12453636
12453892
12460196
12464175
12464608
12468538
12479114
12480693
12482935
12483538
12488502
12488544
12496403
12509425
12509451
12511571
12519763
12520521
12520731
12526103
12527199
12533437
12533723
12551947
12559965
12560508
12565711
12565816
12574125
12576329
12576331
12576482
12582132
12584314
12584571
12585964
12586844
12592383
12595071
12600889
12600985
12605674
12611894
12612069
12614160
12617992
12622720
12622724
12632071
12637567
12637574
12640118
12642588
12645529
12646418
12646639
12657651
12657670
12659875
12663044
12663482
12665574
12665598
12670907
12672691
12676954
12684442
12684688
12694408
12707271
12707992
12717416
12719586
12720548
12724398
12727645
12727880
12730668
12742828
12748173
12748286
12752447
12755956
12756293
12759422
12759449
12759968
12773552
12777384
12782596
12782657
12782668
12788789
12788937
12789259
12790807
12799380
12801909
12805085
12805369
12806090
12808131
12808150
12811842
12813038
12816537
12818430
12820969
12824180
12826401
12829700
12829834
12835654
12836278
12837040
12840228
12843180
12843783
12850269
12857751
12874181
12881722
12884363
12890560
12890646
12891554
12894219
12896981
12902343
12903123
12909359
12914524
12914529
12917425
12917439
12925694
12939262
12943735
12944485
12944489
12944910
12946272
12947119
12954229
12954634
12957386
12958187
12960174
12963034
12968017
12974383
1312668
1318406
1321332
1324421
1327803
1328196
1330541
1333043
13678429
13679379
13679385
1377818
1380453
1385054
1400410
1408152
1417865
1427600
1439790
14500549
14500656
14500810
14504288
14512164
14514691
14515274
14516741
14522081
14522979
14523989
14527417
14530280
14530444
14536079
14551190
14559996
14563561
14565864
14565952
14565956
14573768
14576826
14576829
14581485
14586398
14597626
14597631
14597855
14612437
14623893
14627821
14630715
14630918
14630949
14633990
14644095
14645117
14645237
14645506
14645514
14646587
14659888
14660559
14660636
14661739
14668476
14670949
14670960
14670999
14672948
14673163
14673175
14678988
14680822
14681221
14688249
14693367
14699086
14701722
14701734
14704859
14710355
14711876
14715254
14739072
14742674
14754893
14756806
14765993
14765995
14766209
14766729
1490382
1491720
14970199
14975939
14976045
14978033
14978251
14984021
14990995
14992729
14993281
15001984
15003510
15007632
15009910
15014501
15015602
15016915
15017977
15019950
1502157
15024090
15028712
15034303
15044620
15047696
15047811
15051730
15055356
15057744
15060141
15060147
15062550
15066123
15073165
15075204
1508214
1508216
15084595
15087126
15087503
15096508
15100410
15105433
15111769
15115437
15117818
15123634
15138262
15147836
15147903
15155664
15157739
15157742
15158147
15175277
15175654
15177881
15178023
15178343
15180995
15184085
15184388
15184675
15185298
15191358
15193422
15197246
15198852
15200951
15204092
15208653
15208657
15214842
15217838
15225550
15225760
15226370
15226442
15229217
15229244
15231737
15232059
15233805
15240113
15240883
15241679
15242870
15245911
15246108
15247255
15247427
15247629
15247905
15262961
15265917
15269344
15270074
1527086
15271483
15271977
1527846
15279563
15280450
15282327
15284088
15294971
15297606
15300220
15300802
15304486
15308641
15308669
15313936
15319451
15319455
15322221
15329343
15333144
15335815
15340064
15345220
15345588
15347678
15352122
15352164
15355347
15358182
15358227
15361847
15365249
15375188
15375553
15380248
15385533
15385562
15388790
15389813
15448191
15452206
15456881
15459204
15459902
15461447
15464985
15465827
15466411
15466464
15469820
15469848
15469934
15474296
15479861
15486975
15492011
15492129
15494495
15498767
15501228
15507318
15509789
15510218
15515167
15520862
15523672
15525513
15528387
15530865
15534042
15537747
15541768
15542842
15543138
15545275
15545649
15546868
15557274
15561601
15563837
15564377
15569157
15572375
15576363
15576399
15579511
15583473
15590693
15592518
15601857
15601867
15606754
15606802
15608673
15610731
15611055
15611122
15613547
15615704
15618156
15618352
15624698
15625767
15632146
15632317
15639232
15640148
15647279
15647281
15652157
15652234
15656972
15656981
15656982
15657951
15659537
15661831
15664995
15666827
15670593
15671201
15673290
15681389
15684619
15688019
15688424
15689382
15690394
15695370
15695386
15699140
1569954
15701816
15702476
15705059
15710476
15711575
15713650
15713664
15718293
15721010
15737573
15737621
15738002
15741186
15743416
15751966
15752709
15752766
15755907
15758650
15761017
15762841
15766748
15767253
15767426
15772901
15775538
15777639
15778374
15778453
15782117
15782160
15785238
15788231
15792957
15800190
15805267
15805285
15806297
15809329
15811856
15812575
15814297
15814588
15816857
15817151
15818484
15819620
15829506
15829977
15832810
15833736
15835916
15836435
15842231
15850785
15855052
15857687
15860545
15867358
15869883
15870067
15871998
15872358
15878867
15878968
15879122
15888328
15889157
15890065
15890826
15893977
15894166
15894523
15899857
15905474
15907483
15910736
15913647
15923334
15930130
15935277
15936931
15936952
15937643
15939312
15940267
15949339
15955096
15955564
15955695
15961417
15961562
15962314
15963857
15972796
15976391
15978052
15983197
15986136
15993847
15994290
15994318
15994827
15994927
15998798
16002702
16007120
16007137
16008523
16010690
1601887
16019164
16024108
16024167
16024613
16027362
16033766
16037570
16041384
16043491
16046394
16051213
16053444
16079301
16081786
16081871
16087680
16093352
16093364
16098109
16099430
16099873
16102021
16103071
16107696
16116039
16118226
16135793
16135795
16135806
16138193
16140986
16144835
16144839
16150699
16150865
16155021
16157598
16158053
16159776
16166081
16166591
16168386
16170155
16170350
16170363
16172914
16179073
16179074
16186106
16189269
16195345
16198230
16207757
16211253
16221759
16223488
16224060
16224062
16225938
16229994
16236134
16237091
16237092
16245312
16247481
16253992
16258061
16260628
16264271
16267049
16270227
16272311
16274879
16275766
16278218
16278291
16287845
16287851
16288014
16288471
16288473
16289024
16292667
16294216
16297876
16303757
16303760
16306601
16309857
16314495
16317104
16318585
16319523
16326864
16330548
16330554
16335532
16339534
16341126
16343534
16354699
16356128
16357063
16361698
16368687
16373341
16374519
16376850
16376863
16380379
16391805
16393964
16394135
16398215
16399783
16407236
16407844
1641004
16418168
16418217
1642094
16424010
16428507
16434965
16439360
16439465
16447264
16451219
16451796
16452489
16452686
16453302
16456537
16461934
16464174
16464244
16464847
16467479
16469114
1647033
16473879
16482100
16484587
16487038
16492136
16497989
16504037
16507996
16511568
16512786
16513178
16513293
16515541
16517010
16518758
16531007
16537925
16543722
16546233
16551742
1655281
1656235
16565071
16572591
16574066
16574094
16580749
16585578
16585583
16595651
16595698
16596634
16606365
16608438
16613988
16622840
16623704
16627577
16629902
16638845
16641293
16647847
16650815
16651265
16651517
16670084
16671893
16682116
16684505
16684888
16689660
16690609
16699069
16702165
16703666
16709844
16714377
16724942
16730384
16731063
16734743
16738314
16750856
16757345
16757478
16757577
16771696
16776654
16781810
16784777
16803583
16806072
16809284
16814806
16818736
16819511
16820889
16824198
16824956
16829517
16831196
16832344
16832345
16837116
16840779
16843262
16849326
16849552
16849561
16849566
16857725
16858401
16858414
16861237
16861343
16864713
16869889
16873694
16874304
16878149
16878156
16886906
16893891
16894555
16896927
16901744
16902156
16902410
16908542
16909100
16912093
16914453
16914747
16919487
16920108
16922677
16923394
16926281
16931033
16931914
16950764
16951379
16952428
16954376
16959611
16963428
16963704
16964280
16979588
16980581
16982744
16982898
16984923
16989641
16990482
16990849
16995904
16997394
17001309
17002790
17003917
17005281
17006929
17011572
17015474
17021344
17023418
17026941
17031851
17032459
17035306
17036053
17038319
17038560
17041221
17042743
17046827
17047147
17050667
17053163
17054671
17056544
17060321
17060461
17065227
17070076
17071580
17072859
17074809
17075921
17077080
17079227
17079470
17080634
17082618
17082637
17084019
17084916
17085967
17092945
17098490
17101791
17101802
17106239
17110376
17111365
17113054
17122106
17123747
17126870
17128269
17129742
17130130
17130157
17130829
17133482
17134676
17135265
17138826
17142763
1714459
17146436
17148585
17150967
17157980
17158780
17158885
17159899
17160016
17160890
17164432
17166845
17170024
17170071
17170084
17173866
17177110
17178721
17179173
17182872
17186551
17189205
1718961
17192956
1719551
17196161
17197388
17202796
17202844
17205677
17208963
17210568
17210670
17213321
17213822
17213834
17216044
17220171
17220375
17224121
17226765
17227776
17229846
17239350
17242210
17244614
17244763
17250974
17251582
17253961
17254333
17255940
17257585
17257825
17258390
17259347
17259635
17260018
17262811
17264204
17267404
17267411
17273789
17277313
17278103
17283078
17287251
17287278
17289668
17289878
17292598
17293456
17296730
17297437
17299794
17301242
17303761
17305497
17307334
17308994
17310985
17311813
17314196
17326832
17327421
17337306
17337323
17340624
17341189
17341303
17341483
17341548
17351148
17352693
17355985
17360901
17362897
17363301
17363689
17367745
17371988
17372992
17374609
17374731
17379398
17383622
17386101
17386941
17387179
17389747
17394532
17394550
17396999
17400807
17402846
17404577
17408383
17419679
17420000
17428466
17428807
17433257
17433708
17438000
17438126
17446175
17451432
17452977
17466327
17468179
17470996
17471507
17474086
17474992
17475324
17478512
17481552
17482131
17483744
17487425
17488628
17488637
17499043
17504763
17505916
17510314
17510411
17512569
17513780
17514584
17521412
17525530
17525742
17526487
17535801
17540774
17541280
17548468
17549302
17553984
17556653
17557377
17558024
17559154
17563748
17563750
17567466
17568006
17574024
17574230
17574780
17579209
17579210
17583490
17584746
17586717
17597074
17597110
17599832
17599912
17601490
17604853
17606295
17613521
17615149
17615296
17623484
17623776
17631285
17640524
17641044
17656364
17656651
17663992
17664008
17669516
17670796
17682059
17682124
17688409
17693409
17693534
17696759
17702754
17702849
17707600
17707923
17709388
17714703
17716232
17719012
17724016
17726060
17761837
17764926
17766920
17785200
17785208
17785948
17822438
17822668
17823260
17826007
17845418
17845581
17852354
17872365
17872466
17875215
17875646
17878170
17878336
17878388
17881492
17882273
17884810
17884934
17887732
17893273
17896792
17906698
17908821
17912698
17913746
17913848
17916431
17916653
17921324
17921326
17922027
17927842
17928076
17932312
17938203
17940043
17942419
17942914
17949687
17949830
17952121
17952366
17957475
17967138
17973241
17974029
17975260
17976373
17980631
17980704
17981789
17989114
17998316
17998914
18000064
18000542
18000807
18006806
18021318
18024894
18025037
18025173
18027854
18029729
18031784
18036197
18039682
18039846
18045776
18046414
18046543
18047560
18052938
18056437
18061571
18064384
18064385
18068676
18073218
18075316
18077450
18078517
18082132
18088253
18088355
18088579
18089573
18097606
18160653
18171425
18172009
18172310
18172866
18174238
18182168
18182446
18187512
18197256
18198284
18202121
18203738
18204200
18207574
18213392
18215136
18216015
18218085
18222924
18223295
18225953
18226221
18230803
18233956
18234454
18234890
18234909
18234910
18235221
18240315
18243128
18243530
18247370
18247371
18252725
18252774
18264089
18270252
18277865
18281035
18281687
1828294
18287091
18288196
18294142
18295604
18296735
18308612
18309294
18314487
18316600
18320580
18324520
18325346
18325350
18326493
18332133
18334532
18336953
18342022
18342552
18343216
18344281
18344994
18345027
18346094
18346930
18347061
18353421
18353617
18354482
1835577
18356167
18359875
18362203
18367585
18374905
18378679
18378698
18385943
18387357
18396163
18403643
18408153
18413343
18413714
18418398
18421093
18423564
18424262
18424718
18426999
18431504
18434419
18434626
18435741
18435914
18436815
18439978
18442420
18444174
18459127
18460021
18462069
18464933
18467525
18469860
18485095
18486321
18488713
18492722
18500350
18504404
18504435
18506761
18508077
18508876
18511849
18512730
18532978
18535173
18537194
18537972
18550526
18550528
18552207
18555208
18555605
18555785
18556347
18556777
18562690
18566411
18566416
18572192
18577431
18583320
18583706
18586252
18596035
18597060
18599869
18600346
18601229
18601751
18606452
18617520
18619527
18621977
18622761
18625301
18625718
18625721
18634568
18634911
18638447
18641343
18641637
18651838
18653463
18653469
18653705
18664364
18676376
18678874
18682532
18682850
18691967
18692037
18692075
18694996
18697940
18708588
18708755
18710939
18710943
18710951
18715140
18718463
18719024
18720385
18753203
18755167
1875937
18759473
18761321
18765291
18769482
18772129
18774944
18775869
18778787
18782566
18783846
18794111
18801729
18802024
18802087
18805960
18809223
18809583
18811975
18813310
18817855
18840095
18840288
18845130
18845576
18846253
18851954
18852215
18852286
18927121
18927468
18940814
18941537
18945670
18948129
18948276
18952102
18952606
1895400
18957791
18974883
18974884
18976709
18980972
18987152
18989526
18996961
19006109
19006120
19010321
19013134
19013255
19014341
19015243
19017640
19019852
19022222
19023090
19029252
19032775
19034670
19035757
19036157
19041738
19043455
19056724
19056937
19057620
19061500
19062315
19064995
19068137
19074642
19074998
19075931
19076454
19087304
19095772
19098903
19103154
19103607
19106114
19107944
19111018
19112178
19114560
19115247
19116245
19116276
19116449
19116762
19118055
19119918
19120117
19121312
19122102
19122173
19129193
19129217
19131339
19131575
19132220
19133313
19135978
19137013
19139168
19139378
19142229
19142862
19144849
19150388
19151329
19152337
1915300
19160518
19162039
19166514
19173732
19177204
19178593
19190998
19198601
19201872
19201880
19211927
19218269
19218564
1922043
19225563
19229324
19239479
19250199
19252525
19254160
19261809
19264843
19264965
19268698
19273605
19275888
19276240
19276385
19280063
19284764
19287485
19289167
19295133
19297611
19299714
19303849
19307156
19321441
19323834
19329185
19332113
19334037
19342443
19342445
19342595
19344627
19344698
19345332
19349300
19350017
19353783
19365618
19369356
19374191
19374395
19374776
19376845
19384947
19386363
19389701
19389810
1939199
19393742
19395405
19401398
19401466
19402223
19404336
19406940
19414557
19416648
19416882
19417088
19422799
19423655
19424179
19424592
19424602
19426709
19430491
19433068
19434369
19437620
19439223
19446338
19450280
19451226
19454733
19460352
19462000
19462008
19463978
1946405
19466541
19487031
19487584
19489038
19494234
19508870
19521987
19522704
19523687
19542452
19542562
19543827
19549820
19553684
19561194
19563662
19563800
19563866
19566924
19568426
19570999
19571317
19575798
19578362
19578763
19592461
19592618
19592671
19596792
19597464
19615412
19622763
1963084
19632992
19633359
19635798
19636587
19637235
19638401
19638594
19643086
19643914
19651532
19651644
19652026
19654000
19656388
19661483
19663997
19666701
19674970
19683494
19685047
19687146
19687298
19690169
19696221
19703515
19706291
19712462
19712670
19716514
19720140
19721135
19721712
19724058
19724275
19724899
19725879
19730683
19733238
19734226
19738070
19741049
19749746
19750005
19755487
19757157
19766631
19768537
19769942
19775284
19776393
19786090
19786304
19789270
19797429
19801677
19801679
19804198
19805038
19806612
19818013
19818655
19819229
19822898
19825852
19828622
19829305
19834061
19845957
19846536
19850938
19882246
19884659
19888342
19893639
19900447
19903244
19903461
19910458
19912794
19913601
19923172
19923223
19926752
19933155
19934314
19934320
19935709
19935876
19940027
19940358
19962993
19965778
19965784
19966219
19966806
19995984
20003220
20004191
20006635
20006971
20007691
20007910
20011975
20016002
20018859
20023394
20029197
20038529
20038639
20046871
20054233
20056077
20064451
20065107
20068145
20068148
20071335
20071535
20071744
20079629
20082847
20083128
20083668
20093629
20096088
20096607
20097716
20098743
20101205
20103632
20106920
20110283
20116366
20116378
20121949
20123987
20124442
20124477
20130956
20135341
20139305
20140202
20147377
20147408
20150914
20155810
20160719
20176657
20177053
20178980
20179090
20181743
20181745
20185824
20189264
20204374
20206243
20221401
20224295
20225273
20231276
20237276
20237898
20299195
20305120
20307500
20309604
20337593
20339894
20345481
20348214
20351065
20351196
20352046
20357818
20359597
20360975
20363028
20364308
20378371
20385086
20385773
20388958
20395365
20404081
20404088
20407011
20413592
20413611
20414968
20423929
20426839
20427511
20427719
20442291
20446924
20448098
20460370
20460684
20472833
20478995
20478996
20479222
20485671
20495147
20501657
20504995
20507983
20508969
20510677
20513142
20515787
20525878
20526365
20534877
20544543
20546888
20547751
20551518
20558820
20561910
20561915
20563654
20564183
20564243
20566634
20571078
20573775
20574006
20574810
20581084
20581838
20584286
20585034
20585888
20587945
20595396
20599696
20599712
20600580
20604837
20609350
20630860
20637660
20643109
20654575
20654592
20661224
20663886
20664054
20671194
20671229
20675570
20682043
20682780
20685657
20686703
20687914
20687925
20688046
20690029
20690960
20691806
20694674
20694678
20695472
20702408
20712774
20714105
2071571
20718765
20723213
20723539
20724440
20724482
20727382
20727791
2072909
20730088
20733034
20734103
20736451
20797423
20805060
20805357
20806116
20807373
20808827
20813976
20814569
20818429
20820192
20823235
20825659
20829351
2083253
20832727
20833713
20833730
20835243
20838448
20842667
20843353
20850014
20851996
20855290
20856196
20857481
20858542
20859690
20862322
20864529
20870744
20875108
20875954
20876578
20882529
20889132
20889547
20930553
20932482
20935208
20945532
20946668
20952403
20953676
20956564
20959362
20961995
20962078
20971845
20974684
20974807
20978187
21035574
21036898
21037323
21041726
21044876
21057508
21059644
21060727
21060794
21062477
21070476
21074607
21078663
21093322
21106753
2110922
21109534
2112087
21122806
21125645
21134488
21135252
21143959
21145498
21145827
21148557
21149256
21149701
21150337
21151932
21153089
21155232
21165949
21170361
2117257
21173167
21187389
21189253
21199191
21205033
21205742
21205885
21232033
21232177
2123467
21237225
21239760
21240265
21245044
21245132
21245169
21247883
21248773
21261500
21262800
21270055
21276840
21281810
21282644
21284946
21288908
21289071
21289264
21290171
21293053
21296416
21297076
21303847
21304052
21307941
21308742
21308746
21309950
21316405
21317192
21317380
21317430
21325284
21325822
21326808
21335086
21343932
21344389
21344396
21345967
21350211
21353395
21354245
21356515
21357426
21362551
21363924
21364958
21368206
21369766
21373270
21378158
21379568
21385767
21395583
21398568
21399658
21406062
21408062
21417720
21423203
21430289
21431790
21436263
21437897
21440248
21441955
21443683
21445343
21451041
21454513
21454555
21454613
21454713
21455770
21460853
21464033
21465526
21473739
21474993
21476304
21486805
21497908
21498542
21502138
21506120
21506129
21507987
21512140
21515435
21518797
21526160
21529371
21533215
21536093
21536885
21539866
21540803
21542777
21546870
21546904
21546905
21549104
21551235
21555518
21555536
21557443
21559360
21562223
21568860
21570388
21584488
21586575
21586669
21596928
21597012
21597337
21602887
21612856
21621504
21623380
2162764
21632562
2163347
21637926
21638209
21647439
21652770
21655091
2166701
21670145
21670155
21670201
21672609
21678417
21678481
21687820
21689417
21695246
21699754
21700680
21701264
21702012
21705344
21705643
21707507
21715356
21715642
21719243
21723273
21723864
21731503
21735360
21735472
21737488
21737614
21739277
21750041
21750145
2175361
21757465
21760632
21771782
21771861
21777668
21790603
21791614
21795592
21798083
21803035
21803736
21806958
21813151
21818714
21838777
21839736
21839814
21841823
21846717
21847402
21852088
21852233
21852380
21855630
21856412
21860419
21861899
21862562
21862593
21862669
21867680
21868677
21873430
21878622
21880590
21883217
21883928
21884969
21884980
21884984
21890009
21892211
21893174
21896275
21896344
21897873
21901172
21905079
21911359
21911740
21914770
21914815
21918225
21918574
21921026
2192257
21925250
21931225
21932106
21937684
21940781
21943779
21949374
21949399
21966511
21982894
21983072
21983879
21984181
21988539
21988834
21995792
21996423
22005459
22005519
22013068
22025728
22028617
22028663
22031759
22037238
22037484
22037603
22039299
22045870
22049076
22052014
22053691
22056786
22065573
22065583
22065586
22067325
22067740
22069308
22073300
22074460
22079207
22082005
2209540
22095691
22096027
22098603
22105880
22106411
22110127
22116314
22116621
22128168
22130667
22132193
22132221
22135066
22135324
22138303
22139577
22143029
22151181
22154511
22157009
22158708
22158971
22160830
22162832
22172947
22174042
22179019
22179826
22179984
22180456
22184113
22185759
22190030
22194471
22197883
22199350
22200633
22209758
22212472
22219353
22223881
22228435
22231444
22239089
22245780
22251702
22251972
22252296
22253417
22253973
22258560
22260630
22267484
22268977
22272343
22276175
22285490
22287717
22292946
22297614
22310716
22320923
22322974
22333584
22337869
22340661
22342668
22347453
22347460
22348975
22351927
22351929
22354964
22357705
22357921
22361279
22367504
22370763
22371484
2237431
22375010
22378792
22379085
22391036
22391813
22393465
22396141
22396654
22404168
22408605
22414750
22415301
22415975
22417706
22420414
22427201
22431737
22434656
22438254
22439931
22446378
22460558
22469984
22473956
22474172
22488213
22488648
22490869
22493372
22495929
22496486
22504641
22505648
22508482
22508984
22508987
22510021
22513242
22516255
22521691
22529897
22531031
22531786
22535200
22537161
22542627
22542937
22546552
22547438
22549481
22556424
22561605
22561792
22570637
22570737
22573555
22574173
22579587
22580151
22586042
22586274
22589737
22593050
22593617
22593802
22595514
22608498
22613973
22615365
22615489
22615834
22627292
22628303
22634309
22644767
22649236
22654888
22662209
22662254
22669466
22676849
22684523
22685315
22685561
22687727
22689023
22689263
22700976
22701763
22707723
22708996
22710716
22711989
22713466
22714536
22719268
22721266
22723377
22729863
22730289
22730365
22730532
22734038
22739988
22742857
22751139
22759963
22763786
22772753
22776069
22777360
22777769
22792400
22797943
22798670
22801367
22803604
22806179
22808166
22820707
22821416
22822204
22827437
22832221
22833212
22836578
22838736
2284094
22843696
22858985
22863008
22865229
22871890
22885793
22886088
22890320
22891280
22897851
22899851
22903062
22903616
22905217
22914732
22920460
22926518
22943841
22947424
22951640
22952851
22952895
22966206
22971289
22972472
22983009
22984405
22985930
22988121
22988241
22990073
22990386
22995936
23000143
23001792
23010778
23012885
23013251
23021777
23023397
23025254
23028052
23029358
23041127
23050906
23055521
23056538
23059951
23063365
23063436
23064264
23064464
23067202
23071749
23085237
23086924
23087187
23091071
23092893
23093672
23094960
23096928
23118940
23148235
23150248
23151848
23154183
23154535
23157553
23162623
23166811
23180277
23181698
23185892
23187802
23192870
23196670
23198762
23203101
23204437
23208497
23209659
23212515
23213237
23213261
23217425
23219531
23222641
23223023
23226276
23245396
23248301
23251453
23251550
23251565
23262099
23262293
23271704
23273843
23284731
23291531
23293065
23295648
23299235
23303821
23307792
23307821
23308270
23316072
23318224
23318675
23328845
23334414
23335105
23337910
23339870
23359226
23359789
23361474
23382855
23386620
23388456
23396445
23398943
23403054
23405208
23408857
23412359
23416078
23419754
23426901
23430616
23433111
23436819
23438597
23446334
23447536
23451763
23456364
23459939
23463670
23468913
23483952
23485395
23485603
23486945
23505388
23508685
23509362
23519692
23525013
23533197
23533340
23533622
23542779
23548149
23549331
23558289
23560079
23563247
23564453
23568773
2357965
23580145
23585280
23587601
23590133
23590297
23592794
23593005
23593430
23596302
23598442
23603962
23613851
23615731
23617716
23625833
23625963
23633919
23636453
23638299
23645984
23647375
23665221
23668787
23671695
23672204
23672612
23675777
23676217
23684984
23684985
23686770
23692340
23696748
23702428
23704351
23705901
23706820
2370858
23711151
23716595
23729680
23737527
23741252
23741337
23741471
23741501
23746971
23750847
23751912
23754954
23762210
23774402
23775085
23784080
23786771
23790976
23791732
23792303
23797738
23800081
23800350
23800876
23805861
23812095
23813057
23813955
23816566
23816881
23818223
23818898
23824843
23825360
23826727
23831357
23832770
23833298
23834426
23836662
23836885
23838317
23839947
23840343
2384215
23844114
23846726
23848403
23856244
23860446
23863842
23868062
23872534
23872552
23872946
23873993
23874213
23874387
23879233
23880309
23884423
23884942
23894477
23899608
23908591
23911394
23911869
23913966
23914258
23916490
23919497
23922694
23922745
23922848
23929524
23932971
23933492
23935626
23935853
23939942
23942236
23943603
23945289
23949579
23954444
23955082
23955085
23959860
23963458
23966000
23966163
23968646
23971995
23973376
23974956
23977068
23983126
2398353
23991099
23992409
23994473
24001173
24007921
24008097
24011988
24012497
24014650
24019958
24025680
24025717
24036113
24038534
24038602
24038886
24041570
24047559
24048590
24049075
24052111
24053448
24056746
24056880
24058688
24058797
24063596
24064218
24065968
24067369
24068669
24069224
24069554
24071514
24071582
24072701
24076275
24081304
24086573
24086615
24087791
24097101
24103640
24106272
24111521
24121275
24126052
24126055
24127579
24127753
24127910
24137001
24141769
24145797
24151295
24155890
24161761
24165022
24174531
24180631
24184605
24189459
24191246
24191285
24200694
24202179
24204704
24206660
24211838
24213577
24217921
24220333
24223725
24223729
24232097
24234445
24236182
24243817
24248338
24249732
24251112
24257594
24264050
24267888
24269670
24269672
24272970
24273259
24277936
24282298
24284203
24285265
24287791
24290359
24291638
24291639
24299194
24304688
24309437
24309469
24316979
24323578
24330068
24336492
24336657
24336730
24344131
24345215
24345432
24349210
24355420
24361604
24362533
24362890
24366869
24367028
24368200
24373795
24376402
24376510
24380675
24385435
24386147
24395801
24396070
24398687
24399729
24400899
24401325
24404147
24407240
24411941
24412363
24412756
24415751
24417972
24418559
24421391
24429361
24429828
24433040
24440658
24440820
24446247
24448423
24451378
24451981
24455684
24465598
24467246
24469056
24469401
24472318
24478085
24481780
24486192
24486526
24488494
24496631
24497979
24498324
24499623
24500400
24504023
24506791
24508259
24508618
24510125
24516139
24518302
24519526
24520096
24523905
24526833
24530058
24550382
24554449
24556685
24567534
24573694
24576410
24576577
24576667
24582497
24582500
24584090
24585571
24586446
24587342
24589738
24591644
24598159
24598729
24606669
24608226
24613204
24613679
24618291
24619424
24626475
24630724
24635384
24638981
24642943
24643801
24645679
24657387
24657799
24659782
24667177
24675890
24678314
24680831
24681888
24681953
24686121
24692510
24692537
24695083
24703937
24704828
24705708
24709079
24711583
24711622
24718935
24719561
24721726
24730512
24732378
24739462
24739710
24742676
24743890
24759103
24760151
24760274
24760659
24760871
24764076
24765092
24778448
24786865
24789216
24789793
24790981
24797675
24801901
24813250
24814534
24818655
24819348
24821571
24821761
24821775
24825544
24825907
24831700
24833798
24836891
24842371
24847715
24852358
24853421
24859236
24859347
24860186
24863809
24864455
24865965
24872589
24876252
24879792
24891320
24891508
24893956
24905330
24908319
24913037
24916103
24919196
24931571
24934156
24947514
24948530
24952595
24955524
24958857
24962334
24966328
24967960
24970700
24972565
24973648
24975844
24978307
24979764
24995979
25001848
25015293
25017995
25019514
25028509
25029911
25037223
25040025
25040843
25040935
25044014
25050144
25050919
25052841
25053715
25054881
25056436
25062971
25068129
25070240
25071334
25072865
25080937
25081415
25083921
25087183
25088465
25089666
25089799
25098409
25101696
2510170
25105964
25109894
25110868
25111868
25123536
25132385
25133511
25135476
25135974
25138274
25139404
25141981
25153068
25156364
25157100
25159141
25174405
25175164
25183525
25187507
25189618
25192891
25192965
25193864
25195817
25201625
25202013
25205393
25209548
25213552
25213863
25214003
25215946
25219501
25220178
25220237
25229333
25233275
25237056
25241747
25246098
25256120
25263442
25265064
25270402
25271055
25281873
25290918
25294825
25294851
25295465
25298399
25298683
25305016
25305244
25305760
25312644
25319825
25322464
25333344
25339105
25348333
25348805
25352760
25355627
25393367
25394790
25398805
25402684
25403356
25403488
25408701
25414359
25427980
2542892
25430510
25435429
25443846
25445271
25446185
25446432
25447409
25448748
25449683
25451922
25451943
25453829
25453873
2545525
25463280
25463285
25463392
25465531
25467983
2547796
25482449
25486479
25490919
25500144
25501393
25501874
25503582
25506707
25520741
25523140
25531315
25559853
25567987
25569790
25593306
25595591
25595785
25597352
25599561
25602745
25602782
25605944
25612069
25613376
25614281
25616107
25617152
25623042
25623071
25624346
25624398
25631176
25631712
25633318
25637874
25638160
25640841
25645941
25648899
25650659
25653024
25670860
25670862
25681076
25700283
25703332
25708312
25712098
25712669
25713299
25713319
25717101
25724006
25725100
25726912
25727947
25728676
25728751
25733689
25736558
25737447
25738360
25738651
25740948
25746835
25749518
25750173
25750432
25754204
25755285
25763693
25765655
25765819
25769527
25769544
25772619
25779942
25802409
25803847
25810277
25816241
25816633
25817234
25817898
25826570
25833963
25835000
25840984
25843721
25853898
25856589
25858143
25865891
25875015
25879941
25884514
25888642
25888790
25892270
25896118
25896132
25896227
25897433
25904334
25911741
25912138
25912720
25923237
25929465
25933589
25937776
25938608
25943352
25951043
25955030
25959126
25960930
25960956
25970172
25972164
25981521
25981695
25987255
25990720
25992861
25993293
25999144
26002036
26010542
26014048
26015544
26025205
26030152
26033490
26039703
26045049
26046794
26049021
26059451
26066982
26069325
26070439
26071952
26079538
26089202
26096451
26096612
26098997
26104682
26111449
26113165
26115075
26120956
26124113
26135129
26143119
26148725
26148971
26150526
26153406
26157141
26168478
26170459
26179066
26179205
26182416
26183023
26183399
26206332
26211626
26211971
26214740
26221020
26225425
26227317
26239656
26241044
26243618
26244607
26250110
26252948
26256074
26256125
26259605
2626054
26269591
26275341
26278622
2627887
26289642
26296979
26297580
26310456
26321145
26329601
26332741
26335850
26339055
26339767
26340407
26340669
26340924
26341560
26342199
26342260
26343742
26344102
26350403
26359029
26370511
26371176
26372456
26376677
26377645
26382271
26386146
26389665
26391953
26403432
26411369
26416877
26419808
26420065
26433636
26443201
26448466
26450788
26453063
26453794
26455434
26455664
26455966
26456102
26458334
26458773
26459392
26459764
26465273
26468276
26471974
26472816
26472929
26473286
26474944
26475702
26476214
26484288
26493679
26496208
26498686
26504087
26505752
26512207
26513225
26514431
26518165
26519880
26519881
26538391
26544730
26545324
26546432
26546976
26548411
26549029
26549030
26550460
26552659
26560356
26566917
26574507
26577150
26578169
26579158
26579162
26585380
26590945
26592235
26595675
26603726
26607501
26614667
26618242
26621868
26624618
26628621
26631063
26637976
26643049
26645581
26650895
26655717
26659441
26659825
26660426
26673693
26675369
26676844
26681673
26683626
26691724
26692143
26693052
26698166
26703474
26719345
26725322
26729411
26731516
26740329
26740967
26741352
26747707
26752713
26759270
26759377
26770651
26772882
26782942
26784188
26787892
26795571
26797516
26800240
26800702
26803299
26807955
26809095
26810856
26811383
26813528
26818475
26818766
26819314
26822083
26824662
26824723
26832411
26841870
26842923
26843330
26848767
26848772
26858405
26861876
26864615
26865625
26867682
26867947
26872612
26872785
26872827
26872838
26880735
26885614
26890141
26895833
26896926
26897964
26902421
26908444
26923194
26927017
26931423
26937281
26938874
26940659
26943822
26944191
26948077
26953320
26965072
26976584
26979778
26983574
26985007
26988706
26991262
27013100
27013200
27017930
27018255
27032383
27033444
27038552
27043552
27043660
27044748
27052732
27055116
27064880
27065318
27066173
27067007
27070591
27070757
27071400
27074573
27074708
27075724
27077371
27079615
27080371
27088034
27090737
27095787
27099350
2710114
27107393
27108804
27127803
27129771
27133165
27133794
27134031
27135215
27142828
27147707
27151944
27152123
27153926
27162363
27163808
27164086
27167730
27167871
27174098
27181361
27182621
27190312
27199118
27199222
27206651
27207521
27208285
27212033
27216364
27220595
27221705
27222248
27222343
27226156
27226296
27226772
27238498
27246849
27253463
27259636
27275460
27280975
27292648
27292777
27294874
27295567
27301615
27317259
27320198
27322685
27323853
27325565
27328708
27329811
27331873
27337541
27338589
27339601
27349184
27349435
27354201
27354262
27362806
27368149
27376239
27376470
27390589
27391153
27406916
27411355
27416755
27424222
27425624
27426446
27429394
27429845
27430624
27436361
27439608
27453253
27454291
27472063
27486982
27487152
27488664
27491637
27497248
27497871
27498343
27498368
27501743
27502417
27505708
27513743
27514407
27515256
27520485
27524241
27528092
27533460
27535137
27540136
27553708
27560004
27566322
27569887
27572958
27573019
27576688
27576892
27581206
27590109
27590344
27591797
27598153
27600103
27601586
27604872
27605615
27614093
27617304
27621446
27625068
27646874
27650846
27655778
27660814
27664237
27669202
27676154
27678219
27679579
27680869
27688041
27688071
27688402
27692237
27693430
27694442
27695460
27699453
27713156
27720869
27721022
27733365
27748374
27764181
27765359
27765932
27768596
27768697
27791029
27794120
27795443
27797380
27802138
27805061
27807034
27815209
27815387
27821487
27821620
27829313
27835578
27837150
27840983
27852061
27852821
27856249
27866206
27867007
27867498
27879270
27896050
27896813
27896869
27900343
27903272
27903915
27909049
27913583
27913726
27920251
27923061
27932421
27935858
27938379
27941786
27941874
27941883
27966526
27977333
27979920
27987522
28011640
28011933
28028175
28029651
28035058
28039018
28045112
28050800
28059064
28061449
28062835
28066428
28070121
28076410
28077637
28088524
28096407
28099425
28099866
28101571
28114277
28114367
28115495
28115699
28117379
28125090
28148822
28151579
28152551
28153738
28154180
28154185
28157379
28158851
28167941
28169371
28178527
28183717
28184004
28188746
28189604
28190001
28190292
28192788
28196140
28206956
28213474
28215221
28215965
28219948
28223413
28228601
28230855
28230862
28232094
28233872
28242623
28245593
28254546
28254634
28256619
28260788
28262548
28262979
28266648
28270739
28273455
28273928
28276699
28280276
28288457
28299667
28304275
28317936
28318487
28320933
28323953
28332716
28336364
28341962
28347842
28348066
28348226
28351867
28352232
28352655
28356321
28368400
28369050
28369518
28369554
28369628
28373276
28373291
28374767
28378774
28389562
28396409
28400280
28415063
28423209
28423697
28435970
28438754
28439570
28444797
28445158
28446510
28449119
28452060
28453502
28463435
28463873
28464229
28467369
28467442
28467904
28471454
28481368
28481916
28482072
28483877
28485541
28487507
28490592
28492540
28494841
28497800
28509877
28522800
28532435
28539478
28547133
28555647
28558034
28564606
28576827
28577976
28579554
28580685
28581256
28592492
28592880
28593137
28593745
28607595
28608828
28614293
28615712
28617824
28621459
28628228
28636963
28637784
28642775
28657656
28659938
28664131
28664613
28670491
28670688
28681945
28683323
28690624
28694260
28696214
28698146
28698219
28714988
28717007
28722263
28724437
28724635
28726249
28726305
28728842
28733420
28734734
28737171
28743993
28749959
28754714
28760770
28765275
28769046
28769969
28770707
28774893
28790196
28791474
28793778
28794029
28794399
28801681
28805661
28808419
28809431
28812969
28818665
28819414
28824171
28831167
28834756
28841353
28841686
28842166
28846746
28848064
28857295
28859117
28862757
28867247
28869585
28874875
28878246
28882572
28884444
28889000
28893618
28893714
28899340
28900037
28903152
28916652
28918023
28919299
28922763
28923935
28928774
28929494
28930659
28930660
28933695
28938560
28939763
28940573
28942553
28945229
28952293
28955775
28955922
28955974
28968778
28972158
28972861
28973440
28985414
28988111
28991232
28992066
28993637
29025858
29029391
29036458
29038163
29042483
29044125
29050218
29053621
29056226
29059175
29074538
29074644
29078395
29079187
29084253
29084713
29090282
29091765
29100411
29108267
29111326
29111592
29124146
29125538
29129929
29133016
29136251
29141691
29142070
29142074
29145720
29146913
29148541
29149041
29156705
29156711
29162980
29166614
29168185
29174371
29174800
29175413
29175454
29179437
29181822
29186193
29194340
29197138
29197151
29204860
29206900
29207655
29207662
29212252
29213259
29215740
29224777
29225069
29229677
29229958
29233926
29233972
29235481
29246863
29247221
29253225
29261844
29263930
29274289
29275566
29277610
29282478
29284006
29285251
29295936
29298775
29298863
29304382
29307778
29309299
29312534
29313809
29316655
29317486
29317678
29321169
29323736
29329543
29335523
29339121
29341830
29343500
29350861
29356241
29358858
29361124
29361187
29363506
29363546
29367763
29368606
29375300
29393852
29395071
29396852
29397940
29413898
29428966
29432791
29434930
29438976
29439250
29440261
29445179
29449527
29449539
29449694
29453285
29463696
29464020
29466730
29467441
29472715
29478089
29487295
29489064
29494759
29496663
29499952
29505822
29505838
29507419
29510136
29511024
29511684
29512921
29513566
29514046
29515762
29518540
29520110
29523762
29525407
29534857
29537859
29540473
29540677
29543533
29544705
29550363
29551267
29551502
29558679
2956091
29562166
29563873
29563902
29566032
29566243
29567766
29572268
29572403
29581848
29590106
29604934
29610276
29610477
29614078
29615404
29616858
29621649
29624354
29636091
29637005
29641991
29645346
29654189
29658079
29659651
29662651
29664738
29666362
29669755
29678826
29682202
29692363
29702195
29702481
29704264
29725441
29733872
29735004
29740433
29741645
29749806
29751044
29751576
29757984
29764865
29764980
29777762
29783071
29786069
29794014
29797504
29802938
29803672
29805743
29847796
29854289
29854821
29858072
29868029
29871931
29891665
29892288
29892750
29894800
29898247
29898962
29899166
29899555
29905975
29912614
29915068
29915606
29916549
29922747
29928577
29929211
29932276
29940177
29945885
29950413
29954426
29956500
29964012
29964168
29968728
29970803
29970904
29973688
29991802
30005139
30007277
30008316
30009792
30012865
30012868
30018006
30021838
30021904
30026307
30033875
30035369
30037904
30037996
30038216
30038221
30038234
30038413
30040915
30045946
30047092
30053437
30053873
30054295
30054830
30054951
30056593
30060157
30066913
30067292
30076175
30076309
30084918
30087142
30089853
30089854
30093619
30098214
30103339
30107003
30107177
30117603
30118844
30122536
30128822
30134017
30142192
30143522
30145767
30150402
30152543
30157851
30158339
30165667
30167092
30169548
30177839
30183375
30183689
30185437
30185705
30186109
30186159
30186748
30187482
30204945
30205047
30209167
30212590
30223777
30228232
30242135
30242271
30242914
30243709
30244169
30244496
30251328
30255421
30262720
30268522
30269025
30270508
30271498
30274787
30275324
30277598
30282027
30282028
30283086
30285185
30285805
30287118
30290239
30300564
30316814
30317630
30322210
30327427
30329167
30332327
30334368
30341373
30348989
30349032
30353146
30354255
30359737
30364214
30367150
30371874
30373770
30387209
30395230
30396153
30400241
30401677
30408551
30412797
30417207
30420627
30425527
30439348
30442871
30446701
30446717
30451834
30454024
30455980
30457675
30466599
30466621
30467350
30486409
30496505
30500562
30504225
30504235
30509165
30517868
30523261
30525549
30529301
30529618
30536618
30536626
30537487
30542391
30544975
30551877
30556855
30559296
30563937
30569725
30569799
30570339
30574148
30575739
30576529
30578645
30578688
30584346
30587692
30591689
30602497
30605674
30605728
30617301
30619249
30619292
30622227
30622697
30622721
30626716
30629164
30630075
30638661
30643696
30651219
30652527
30659114
30659143
30664154
30679486
30683310
30690057
30692217
30692543
30696859
30706380
30711473
30714292
30715269
30715420
30721543
30728766
30729012
30731491
30737140
30737960
30738894
30753595
30754676
30755473
30760542
30761253
30778164
30778251
30778358
30779601
30779922
30786928
30787418
30787623
30789901
30789974
30792272
30803933
30808546
30816596
30825376
30826729
30842454
30845713
30854739
30857539
30858547
30862964
30867312
30873196
30874621
30875369
30877126
30877169
30881025
30885743
30886345
30910956
30910960
30911096
30914440
30915712
30932484
30934642
30935402
30935691
30945396
30948355
30948493
30951662
30963560
30967472
30968143
30978178
30979053
30980800
30981428
30981888
30982802
30987204
30989585
30991141
30995827
31000598
31001953
31002343
31013265
31015342
31019204
31020330
31020420
31025089
31026585
31028793
31033261
31035388
31039328
31040884
31040909
31049798
31052266
31053577
31054961
31061100
31061501
31063599
31063794
31068677
31068761
31070797
31074088
31087356
31092693
31094009
31094056
31101622
31101736
31109102
31111205
31112333
31116991
31123067
31125454
31127282
31128910
31130975
31132458
31135274
31138842
31140835
31146003
31146004
31146692
31146914
31147728
31151477
31154107
31171768
31173263
31181110
31182817
31186405
31188160
31191326
31191527
3119326
31201166
31221094
31227580
31228509
31231385
31234595
31235857
31237749
31238581
31240814
31261872
31267372
31271750
31273643
31278347
31281520
31285260
31288858
31291448
31298559
31300510
31303485
31311992
31322174
31334110
31335320
31337650
31340013
31350280
31350354
31356171
31356989
31358854
31363169
31365169
31365524
31367252
31379814
31391552
31394504
31395030
31396626
31399573
31400279
31405954
31409603
31410199
31413087
31414712
31415216
31426743
31427441
31435710
31440585
31442470
31442911
31448831
31451218
31467088
31471878
31487061
31492737
31494257
31498891
31500232
31500558
31501521
31505929
31506350
31515501
31515938
31516752
31518892
31521712
31530388
31530734
31534017
31534521
31536933
31547315
31547433
31548262
31550160
31559426
31562641
31569342
31570703
31578032
31585206
31594836
31606264
31612866
31614708
31615977
31626358
31627188
31628195
31636200
31642503
31644907
31645945
31649849
31652509
31652994
31653682
31654770
31655629
31657621
31660072
31661799
31666207
31679686
31683873
31693902
31698466
31699028
31709724
31710966
31722213
31724223
31725811
31730010
31730483
31730796
31731552
31735643
31737118
31737207
31740582
31747963
31748347
31751568
31751569
31754093
31755110
31757932
31776283
31778829
31799179
31804013
31811028
31812787
31818358
31818950
31822296
31830648
31834931
31844712
31845097
31858519
31861550
31862413
31866147
31866378
31866451
31870179
31871072
31873836
31874177
31877350
31877385
31886561
31888467
31891862
31900453
31900516
31900593
31902393
31911943
31919188
31919242
31929749
31930717
31935288
31938049
31942725
31948940
31953319
31956373
31957467
31958467
31959200
31961005
31965439
31972002
31981700
31982726
31983283
31983631
31983878
31987497
31988246
31991027
31996328
31999384
32001259
32006593
32009798
32012175
32025238
32029792
3203386
32034158
32041604
32041943
32042322
32061092
32061437
32064648
32070236
32071787
32072171
32075740
32079724
32092305
32098781
32110804
32112983
32132110
32132179
32138279
32140068
32140074
32141088
32142369
32144235
32144747
32154742
32160773
32194660
32200471
32204913
32209590
32209656
32209697
32212902
32219716
32224140
32224969
32225100
32226548
32232854
32238717
32240302
32245249
32245798
32246506
32247249
32249299
32271392
32276639
32284737
32292495
32299951
32302062
32312227
32317080
32324256
32324863
32332020
32341038
32341523
32344511
32349972
32350115
32350443
32350509
32352029
32364535
32369417
32375179
32379499
32380971
32385075
32388883
32393578
32399935
32406163
32409309
32409577
32409602
32412792
32414899
32430053
32438712
32439375
32439897
32450132
32456207
32457290
32467137
32470015
32478078
32478391
32483191
32483388
32497725
32497727
32500354
32507252
32508971
32518154
32534063
32534959
32535047
32540969
32545266
32546183
32558263
32563471
32576660
32576838
32585553
32587136
32588398
32596952
32601179
32607595
32612238
32617311
32619009
32619460
32620998
32627093
32648265
32676457
32679048
32679107
32679859
32683412
32685011
32688344
32694663
32703236
32703494
32704163
32708896
32711380
32719412
32720470
32729021
32733885
32735790
32738820
32753663
32759572
32762126
32764967
32767399
32771159
32771459
32775147
32777136
32777527
32778238
32795319
32798443
32805486
32807777
32813231
32817168
32817485
32817651
32818703
32842680
32843547
32844464
32845162
32853717
32855269
32865099
32883983
32891166
32899428
32903816
32907838
32908127
32916152
32922811
32923015
32924017
32924844
32928152
32929330
32929382
32933554
32933581
32938713
32938753
32943090
32943464
32944259
32944400
32945523
32952112
32952624
32954681
32966879
32967970
32973139
32974343
32985124
32985974
32990751
32990805
33000281
33001025
33004416
33005856
33006186
33029631
33033315
33033902
33036380
33040228
33042272
33042558
33048422
33048949
33052232
33065764
33069038
33072088
33072127
33077976
33078455
33082288
33082969
33089097
33090513
33097698
33099720
33103739
33110216
33115806
33118286
33140053
33145887
33158813
33158848
33166399
33171044
33172999
33178340
33178343
33184494
33188077
33194034
33196849
33197296
33219226
33221539
33224876
33230436
33232789
33238123
33249116
33276948
33284859
33285300
33294262
33296708
33296942
33299012
33311559
33312753
33313982
33326659
33337552
33359123
33361391
33372138
33373621
33375507
33391480
33391484
33394094
33397394
33402390
33405050
33408780
33409767
33416106
33418111
33421113
33429878
33430300
33436746
33440072
33446634
33449301
33452729
33456567
33467550
33472949
33473108
33475136
33479171
33479437
33487333
33496035
33501435
33504766
33508374
33513133
33515544
33526570
33526870
33527316
33530306
33531646
33531656
33531691
33535185
33539225
33543840
33545365
33547159
33549890
33554560
33555508
33557010
33558531
33564100
33568645
33571129
33582307
33587034
33600870
33616676
33619530
33621853
33626882
33627127
33631674
33637599
33638940
33641223
33641617
33646306
33649234
33649863
33656245
33664859
33676299
33679132
33683171
33692491
33692789
33692996
33707466
33715208
33720698
33727640
33744226
33746084
33749265
33750894
33753848
33754073
33758095
33758616
33764154
33770102
33770523
33772465
33785600
33801310
33803317
33807974
33809182
33815378
33818685
33819288
33820818
33825878
33836079
33839406
33841467
33845428
33849067
33849071
33857404
33857913
33866116
33875574
33880508
33881644
33883249
33884195
33888686
33893236
33894178
33906428
33925909
33930476
33931730
33932125
33937225
33940615
33945523
33947045
33948362
33949074
33950334
33958723
33966046
33987177
33990633
33991616
33991649
34010702
34023818
34031187
34033138
34034870
34034872
34042221
34051214
34052325
34052838
34060915
34065488
34066153
34070531
34071490
34082508
34096624
34097680
34099592
34100089
34108018
34108245
34115413
34115613
34116248
34117570
34118928
34119220
34129840
34131782
34134615
3413483
34157861
34160287
34161397
34161771
34165179
34166361
34175886
34183010
34183782
34185707
34210779
34215748
34233190
34238215
34239305
34239543
34241580
34244607
34245091
34248973
34249063
34253647
34254709
34257425
34262028
34263934
34272396
34282329
34301901
34302794
34303919
34316028
34331820
34341563
34363434
34365659
34367046
34373742
34376200
34376733
34378027
34379517
34381779
34397327
34405537
34410840
34413870
34418601
34426497
34427967
34432781
34440718
34449209
34453440
34459852
34459932
34461288
34465361
34465437
34466790
34469721
34469737
34482362
34484679
34487815
34489572
34492379
34500083
34500231
34502195
34509612
34521844
34526965
34531288
34539433
34544022
34547820
34571852
34571873
34572796
34580424
34589486
34592581
34597678
34597680
34601133
34601645
34605158
34605942
34607947
34610961
34625523
34635505
34648748
34657155
34657447
34659323
34659572
34659891
34664331
34665859
34671407
34679725
34681588
34681812
34693223
34693907
34697216
34700040
34714913
34723340
34726504
34731364
34737261
34739170
34739188
34749102
34758335
34764210
34764490
34764728
34771652
34776951
34782627
34787682
34788628
34789002
34793983
34800614
34802034
34802969
34803487
34804087
34804929
34823564
34824296
34825733
34850540
34857760
34863006
34865992
34868977
34875852
34880125
34884918
34889888
34890768
34897030
34915195
34915482
34915882
34919637
34921112
34925411
34929342
34931296
34935443
34943970
34961560
34963132
34965935
34970415
34975385
34976441
34976785
34980595
34991621
35004685
35008526
35013251
35013307
35016033
35020946
35022570
35023174
35031563
35051562
35058574
35059744
35063764
35064420
35064997
35065132
35069652
35081114
35091839
35095984
35098656
35111187
35112970
35113157
35113652
35120941
35129372
35136029
35140269
35141006
35146559
35149775
35150740
35151460
35154476
35155573
35167117
35177112
35183226
35184395
35186953
35190717
35191417
35191465
35196318
35196497
35196865
35198878
35205426
35205642
35205929
35212624
35216094
35217815
35218437
35220431
35223488
35228525
35228642
35230663
35235780
35237281
35247329
35248747
35253323
35253629
35256776
35256783
35273248
35281600
35288947
35298717
35303608
35310663
35311075
35313207
35320000
35326205
35330913
35337626
35338256
35339097
35342951
35345674
35349489
35351142
35354799
35358514
35362736
35365985
35383155
35386675
35389126
35395128
35398375
35401817
35406681
35406740
35412350
35421995
35425987
35430356
35434944
35437308
35440696
35445881
35448958
35452821
35457130
35459780
35468992
35473936
35477537
35479397
35482470
35508543
35514032
35521536
35522008
35523305
35523787
35526799
35530130
35536646
35537286
35548782
35559420
35561087
35562342
35562668
35569770
35580699
35583604
35592389
35592702
35593120
35595309
35596722
35611792
35613383
35615575
35625843
35637410
35640137
35640677
35645734
35675522
35676472
35682553
35684964
35688610
35689843
35690863
35692290
35696930
35697291
35697349
35702123
35704676
35706000
35709529
35713501
35719931
35724645
35728766
35730568
35732734
35741813
35747809
35762039
35766181
35767909
35769613
35770638
35771632
35776402
35780838
35783871
35783922
35784351
35788362
35792800
35793591
35796437
35806398
35811688
35813467
35820543
35822262
35836796
35839780
35840042
35842187
35842782
35845643
35846880
35849243
35851744
35864958
35864972
35871131
35872017
35887381
35888758
35892692
35894043
35899092
35900381
35902881
35906200
35906216
35907137
35910380
35915089
35916017
35917517
35931086
35941358
35945406
35950214
35954286
35962333
35964415
35968130
35977034
35977090
35981571
35984735
35994645
35995002
35996686
35999564
36008138
36008454
36010586
36012478
36012693
36012763
36015648
36030255
36030584
36037358
36037478
36038289
36038740
36042203
36050761
36059467
36074971
36075559
36077849
36087429
36087493
36093830
36096242
36097968
36099917
36110041
36116740
36126508
36129197
36130132
36138187
36165199
36183130
36187116
36202224
36204267
36210463
36210578
36219505
36220978
36222892
36227087
36227136
36230245
36231025
36232837
36232967
36243871
36245025
36246998
36253826
36255259
36257380
36257688
36261009
36261443
36267089
36274941
36280709
36282845
36285479
36288553
36293168
36299623
36300571
36305294
36309571
36316305
36319631
36323260
36323670
36327976
36328098
36330709
36334221
36341538
36345591
36347318
36350827
36356658
36362118
36369346
36380685
36384125
36385375
36385489
36385569
36397101
36399467
36402859
36405440
36417802
36418715
36426949
36427325
36439881
36440239
36446947
36449378
36457536
36479821
36484005
36494864
36497195
36519081
36524374
36534975
36543959
36551576
36553510
36555123
36555261
36569438
36575317
36575438
36576700
36580169
36588134
36595497
36598250
36598461
36602641
36614238
36628218
36629882
36629984
36630607
36633057
36633253
36635619
36635672
36638270
36641076
36642705
36642732
36647288
36651297
36654385
36662414
36669479
36669583
36683398
36690268
36698412
36700826
36702236
36702450
36705030
36717027
36717549
36733428
36734208
36735791
36740553
36748200
36752420
36756881
36758668
36768514
36780770
36780970
36786074
36787740
36790146
36791105
36791109
36792969
36807553
36809385
36812914
36831428
36831659
36835342
36840360
36840368
36840758
36847142
36849939
36853387
36854938
36857180
36862074
36863451
36864760
36867660
36872061
36878161
36883841
36888606
36889906
36898834
36901694
36915773
36916405
36917143
36920182
36931039
36931054
36932397
36938574
36939397
36945490
36948362
36951126
36952101
36958151
36961398
36980215
36984538
36990976
36993207
36993497
36993619
37000153
37002570
37009226
37016311
37017564
37027050
37028765
37031640
37037595
37044212
37047337
37050052
37056920
37058123
37060561
37060811
37064878
37078361
37090516
37092382
37094986
37095638
37101376
37108449
37113720
37119763
37121465
37126681
37127821
37143384
37146141
37148388
37148740
37149887
37158599
37158601
37170511
37172885
37175690
37190208
37190289
37192160
37192170
37196526
37196931
37205440
37211173
37215986
37217546
37219375
37220907
37227084
37230466
37231959
37234276
37239408
37240065
37244461
37249689
37250326
37254794
37258578
37260288
37264970
37268635
37268957
37271532
37272165
37283647
37284446
37286597
37289107
37291053
37291128
37292659
37292919
37298461
37303939
37307894
37310913
37311356
37311571
37312204
37314767
37315664
37323234
37325946
37326025
37326141
37327642
37331996
37332356
37335905
37337631
37339001
37339943
37341818
37343720
37345955
37347298
37353485
37365519
37366219
37370162
37373378
37382050
37382191
37382898
37386251
37388913
37398114
37401236
37403209
37403373
37407566
37407568
37413992
37415153
37415332
37427034
37434818
37434855
37442513
37443302
37451475
37457356
37462077
37468105
37468485
37495623
37499936
37502396
37507403
37522715
37523894
37524875
37532224
37533201
37539637
37539861
37540094
37543267
37546258
37549230
37549641
37552345
37553421
37558013
37563362
37564211
37564268
37566399
37566742
37567476
37567906
37569814
37579296
37581569
37582751
37586179
37587835
37590971
37595871
37599359
37601778
37602966
37606530
37608279
37639009
37641376
37642779
37648022
37648117
37651203
37652141
37655275
37658135
37660911
37661236
37661632
37662379
37663126
37664624
37667861
37670384
37676887
37682252
37685922
37686541
37686660
37689244
37691050
37693135
37702443
37717904
37724907
37728155
37732637
37734436
37737015
37738252
37738652
37739954
37742129
37747775
37762277
37762598
37768037
37771187
37772772
37773266
37781025
37781386
37783676
37790361
37792742
37795602
37797799
37801430
37808805
37808867
37828427
37828612
37832383
37839764
37845378
37850815
37862259
37864196
37869260
37879498
37879562
37881318
37886478
37886538
37890156
37895276
37898353
37905345
37915133
37916628
37918959
37925548
37928273
37934799
37935654
37938462
37944384
37945225
37950881
37958656
37961392
37961517
37962808
37963469
37964204
37968405
37968713
37972593
37973875
37977034
37982489
37985752
37988864
37993018
37993084
37994046
38002971
38011310
38014068
38014633
38041705
38042445
38043834
38048288
38055835
38058285
38062004
38065272
38065955
38077061
38085608
38086789
38087142
38095232
38096616
38102874
38106051
38106095
38110419
38129484
38135025
38135256
38136210
38137053
38139463
38141041
38145299
38148593
38158696
38164156
38165927
38166970
38167845
38169425
38176341
38182668
38183094
38184662
38187702
38206179
38217587
38233877
38236307
38240752
38241351
38243080
38253280
38260579
38261161
38271182
38272667
38279051
38282004
38290972
38293789
38298604
38299356
38301967
38303609
38310046
38326409
38336839
38339432
38349126
38350506
38358036
38370738
38374146
38375634
38379014
38383447
38395183
38406824
38408244
38408959
38409611
38423151
38443336
38443768
38444161
38447913
38455357
38458822
38464050
38474011
38478029
38481347
38483990
38491348
38497387
38504518
38507615
38508140
38512490
38513139
38518398
38522807
38536963
38549914
38556434
38559144
38560562
38565349
38566115
38566601
38583807
38588446
38593920
38596892
38597972
38599260
38602103
38614385
38615639
38615741
38617190
38617550
38619295
38623072
38631488
38635533
38644578
38649438
38650694
38657041
38657723
38662911
38670534
38672136
38677505
38678032
38679407
38686795
38691453
38701190
38704393
38705046
38708602
38710698
38714132
38725030
38733630
38734828
38735900
38745073
38746882
38747151
38759372
38759515
38767243
38774923
38776519
38777812
38781729
38795838
38798402
38799124
38805570
38808392
38811842
38813236
38815686
38822095
38825601
38829202
38830486
38830513
38831379
38836550
38838145
38839769
38844957
38848866
38849954
38850061
38850535
38853900
38857852
38859862
38861833
38862078
38862832
38865101
38879589
38880185
38886396
38898031
38901667
38902548
38913159
38916963
38918360
38918826
38922302
38926604
38935187
38936759
38943137
38943639
38945997
38946134
38953350
38953994
38954262
38960622
38967255
38967349
38985769
38987564
38991033
39000081
39002703
39003354
39005407
39015025
39029626
39029901
39038813
39041422
39043378
39043648
39043964
39046408
39046829
39052186
39060446
39067732
39071289
39075504
39085359
39085849
39094477
39097683
39097722
39098489
39100995
39101482
39114943
39118829
39120474
39127175
39128225
39136601
39137724
39140769
39142373
39145095
39147759
39151728
39155295
39159682
39160159
39161535
39162082
39165364
39167956
39169235
39174513
39179932
39182383
39182876
39186533
39190265
39190879
39192337
39194494
39197582
39204626
39206755
39215581
39216997
39220861
39221774
39231208
39232451
39239522
39243335
39248163
39248263
39248548
39251845
39259275
39260693
39264361
39268727
39269443
39270565
39271654
39272364
39273030
39273558
39276895
39285641
39286065
39286296
39287338
39289424
39295955
39296813
39303008
39309429
39310105
39317806
39318028
39324215
39333072
39335615
39345002
39347789
39354204
39358471
39359407
39360571
39366174
39371158
39389179
39390614
39394127
39395236
39398950
39400236
39400584
39400789
39401480
39405097
39406006
39406278
39408665
39408844
39415352
39420244
39429853
39437550
39438476
39448867
39454110
39454560
39455556
39460630
39468431
39476105
39487531
39488785
39492101
39494931
39496834
39497541
39498832
39520964
39522884
39527653
39538012
39544930
39545935
39546079
39548585
39551293
39551868
39558356
39560749
39562372
39562839
39566403
39567828
39576407
39577491
39580324
39581526
39586885
39588392
39594493
39594574
39601353
39605613
39613933
39617773
39620202
39629137
39632864
39651170
39661286
39661410
39664580
39665584
39667698
39667714
39668349
39672422
39675523
39676507
39682099
39684309
39694225
39696682
39701049
39702290
39704786
39707021
39708805
39715266
39720271
39721585
39722200
39725102
39725773
39725796
39729180
39731187
39741671
39744439
39746496
39747033
39748408
39762890
39768207
39776305
39783266
39786441
39787859
39789420
39796135
39800368
39803522
39810133
39820331
39820713
39824467
39826612
39827463
39827667
39828004
39829230
39833165
39841618
39843641
39843653
39844047
39844165
39848454
39848465
39850120
39854635
39855379
39855429
39862423
39873971
39884149
39885217
39908228
39910058
39918680
39930614
39932435
39936623
39938633
39953537
39954852
39955063
39955992
39960585
39961271
39966984
39969607
39973763
39974947
39975340
39978497
39984921
39985193
39987503
39990763
39993185
39993614
39994587
39996311
40015873
40016211
40020600
40021626
40022213
40025258
40030035
40038738
40038747
40046325
40051449
40054694
40057982
40064260
40067830
40068710
40071730
40081573
40082414
40082671
40083704
40087473
40089784
40103178
40107350
40110904
40112979
40123950
40138726
40138919
40141085
40143084
40144540
40157530
40161682
40161767
40163212
40166462
40167268
40169936
40177616
40181177
40186571
40187571
40192103
40203473
40204699
40204967
40205701
40207795
40210117
40210135
40215234
40220043
40220379
40236784
40243413
40246193
40250076
40251390
40252818
40268923
40269881
40271060
40271454
40274778
40279373
40291749
40295445
40304012
40307206
40307229
40310867
40312332
40312562
40319251
40339203
40341878
40344316
40349056
40350767
40354528
40361044
40361117
40368902
40372772
40373830
40374019
40378042
40378751
40379080
40384433
40388639
40392536
40407948
40412548
40419944
40420604
40431014
40435412
40436214
40437362
40440069
40442660
40443286
40446216
40447129
40453446
40455848
40458725
40460040
40463013
40467575
40467844
40475444
40478441
40488453
40501861
40504813
40506611
40508020
40508288
40520020
40520074
40523880
40526782
40534131
40539433
40540746
40544764
40548301
40561518
40570796
40573794
40578967
40579429
40582676
40583775
40585371
40586859
40589411
40592831
40600459
40602229
40605005
40607379
40608674
40613268
40618395
40618995
40623109
40623460
40637489
40638792
40639381
40640484
40640590
40651948
40652518
40652551
40653171
40653468
40654788
40666290
40667223
40669459
40671832
40674542
40675964
40677211
40677688
40680814
40681009
40685642
40696507
40698193
40698330
40706690
40707487
40711991
40712695
40714274
40714419
40716152
40717796
40719950
40720241
40722171
40733503
40736376
40743810
40749173
40749450
40752261
40754719
40755783
40759339
40760047
40764413
40764600
40770340
40773294
40775363
40777467
40780499
40781032
40781327
40781924
40790586
40791184
40796727
40799140
40801631
40803696
40804300
40804593
40806751
40810255
40812426
40819789
40820132
40822127
40824860
40833324
40833521
40834507
40837407
40842039
40854375
40855961
40860187
40862328
40862737
40863927
40869083
40875449
40876522
40882020
40883572
40885408
40891458
40896263
40898171
40900194
40901887
40903840
40911142
40911186
40913202
40913227
40914986
40922684
40923698
40930199
40930486
40941331
40945455
40946999
40947544
40947783
40948762
40950195
40950286
40953061
40956007
40958366
40959284
40963562
40971867
40973011
40975161
40980064
40986360
40987070
40992734
40997212
40997315
41006709
41027012
41027154
41028522
41032419
41035072
41035354
41035457
41036949
41039024
41043855
41053571
41057303
41057687
41059410
41060766
41064365
41064636
41073134
41074131
41077076
41079919
41080535
41082577
41092768
41093866
41094204
41102854
41105399
41106234
41111053
41111460
41112291
41114119
41123951
41125877
41127337
41131631
41131956
41135276
41139207
41147413
41155196
41164352
41165885
41167883
41173363
41173378
41176831
41176880
41187400
41193709
41196022
41196681
41198759
41200880
41201718
41204684
41205007
41208325
41208879
41213367
41213373
41215717
41219678
41219736
41221994
41223251
41225873
41227344
41235466
41239086
41241675
41241829
41243331
41243575
41249788
41252204
41254162
41254727
41257864
41260514
41264843
41266673
41267080
41269501
41269989
41271562
41273872
41276136
41276507
41279048
41279105
41279248
41284914
41287105
41290605
41295173
41299139
41304649
41308185
41312549
41315363
41315463
41315520
41317934
41319283
41322030
41323319
41325852
41326495
41329526
41331010
41331455
41338064
41340476
41346410
41346765
41350901
41351417
41354327
41359309
41361749
41362244
41362776
41365295
41368721
41370380
41371162
41372156
41380445
41386231
41391005
41398262
41399129
41401801
41402325
41402523
41402732
41403950
41406182
41406707
41410814
41411347
41416109
41418835
41422938
41424862
41429103
41430406
41430691
41437307
41455239
41455947
41459495
41465174
41465298
41467177
41467377
41468431
41475687
41475977
41478325
41483360
41486566
41491303
41492787
41495247
41495850
41496410
41496600
41506946
41509392
41511816
41513094
41524599
41526342
41527086
41529803
41530371
41533009
41535641
41538316
41538704
41539545
41540251
41542517
41542627
41543773
41544530
41545595
41549316
41555699
41559745
41569162
41569386
41570283
41572941
41573568
41573860
41573925
41576699
41576700
41577157
41580115
41592699
41596899
41604939
41605862
41615304
41618556
41618647
41624286
41624795
41627593
41627629
41630027
41633991
41636199
41636375
41639725
41643674
41648269
41648450
41649260
41651253
41653608
41654150
41656919
41663340
41664344
41667239
41679440
41680163
41680413
41683628
41684293
41687755
41688903
41691251
41692190
41694587
41695031
41699653
41699991
41702447
41703241
41703451
41705414
41707566
41713576
41722538
41723158
41724381
41727155
41728086
41728757
41731536
41735837
41735882
41736699
41737591
41740506
41743749
41743796
41746601
41746718
41747732
41751051
41756515
41759631
41759798
41760613
41772453
41776708
41780103
41785062
41786879
41791566
41791643
41792440
41797175
41797275
41797725
41799200
41800238
41803045
41805994
41806323
41806552
41810077
41816582
41816893
41816936
41817565
41821002
41823522
41826695
41826982
41832176
41832214
41833707
41834913
41836678
41837877
41841741
41844662
41844739
41846989
41847864
41848201
41849237
41849608
41850348
41855762
41857407
41864072
41864557
41867808
41871615
41872157
41872167
41873712
41877491
41881298
41881966
41882442
41887767
41896362
41896541
41898370
41898509
41903671
41912772
41912773
41916318
41916520
41917682
41921814
41922310
41922577
41924268
41924399
41925579
41927716
41932010
41933733
41935051
41935542
41937552
41937947
41939887
41942108
41942845
41944736
41949410
41950005
41950006
41951153
41953275
41957352
41958003
41959122
41959188
41959271
41959527
41962531
41964026
41980917
41981139
41981464
41981670
41985508
41987290
41994123
41995134
41998155
41999805
42002887
42014681
42014688
42018340
42021133
42026030
42026967
42033509
42033650
42041131
42042072
42046140
42051376
42055320
42055497
42065799
42069287
42069987
42072058
42072370
42074110
42074493
42086045
42086529
42086781
42090905
42092279
42094058
42095529
42095912
42098726
42100250
42101315
42104013
42104219
42105074
42105764
42107058
42115609
42115880
42116089
42116728
42118707
42122120
42123468
42124480
42126774
42127898
42129556
42130149
42135411
42135765
42136674
42139358
42140448
42140894
42142703
42143888
42144735
42152116
42153907
42154020
42155615
42156983
42157272
42157347
42161275
42167547
42169156
42170739
42174454
42174627
42176326
42177279
42178570
42182317
42186004
42189071
42190973
42192059
42197602
42204138
42205867
42209766
42209919
42210256
42210491
7478534
7478599
7479833
7488055
7494244
7495736
7507230
7518452
7519422
7526151
7530764
7539918
7539922
7540064
7540136
7542214
7542362
7547979
7559639
7559746
7565753
7565811
7568026
7575611
7583141
7592648
7594540
7598497
7598808
7600583
7601137
7608174
7609063
7615158
7615548
7618106
7623821
7624133
7626451
7630721
7635140
7642572
7642650
7651431
7651819
7667110
7669256
7673116
7673120
7700007
7718877
7721747
7730325
7730624
7731687
7739536
7744000
7744019
7744245
7753823
7759510
7759529
7769693
7769834
7798257
7798271
7799950
7799965
7802655
7813786
7823919
7823934
7829523
7848922
7871754
7876087
7884879
7889570
7892203
7896852
7910552
7918632
7918637
7925280
7927871
7929249
7931079
7935370
7935407
7935472
7948108
7961665
7961962
7964503
7969116
7970721
7980646
8001676
8001825
8007954
8015372
8020141
8024700
8027069
8035792
8035803
8040336
8045412
8051100
8058069
8062273
8062833
8065325
8065332
8065357
8083220
8089482
8106494
8108135
8114740
8114765
8119898
8132584
8132667
8134108
8137827
8139041
8164681
8177733
8184744
8195167
8195169
8195215
8196615
8196628
8207231
8207232
8208531
8234276
8246978
8247551
8253387
8253388
8253775
8262050
8262053
8262968
8264581
8268720
8276234
8276257
8276819
8284209
8288597
8289358
8289393
8289796
8289814
8297376
8308014
8313887
8321205
8321284
8325365
8325885
8335091
8336707
8336717
8340393
8341605
8346247
8355692
8356078
8375385
8380454
8382696
8385351
8386592
8392590
8395017
8397253
8397817
8408049
8413214
8413283
8413295
8414971
8417337
8417810
8429019
8429032
8436291
8441379
8441385
8441418
8444885
8453273
8455611
8455627
8455950
8458329
8474456
8476572
8476854
8477450
8483949
8521821
8524243
8524257
8524266
8524325
8524823
8530390
8530419
8530443
8530481
8537397
8537402
8548291
8549766
8550612
8552071
8552086
8557686
8567667
8567672
8567959
8576248
8582206
8592516
8592517
8597411
8597873
8603036
8604295
8605002
8611694
8617793
8621447
8621737
8621915
8626009
8626539
8626614
8626793
8627152
8627649
8628260
8628295
8630409
8631847
8631909
8631933
8631992
8634146
8637719
8639658
8647095
8647290
8647847
8649389
8649425
8649986
8650248
8657101
8660892
8661027
8662878
8662945
8663310
8663337
8663528
8664546
8666157
8666932
8670878
8689410
8700224
8702507
8702883
8703044
8717517
8721985
8721989
8728040
8735278
8751436
8751713
8753872
8754826
8756616
8756618
8757255
8758898
8761475
8764144
8764572
8786306
8798512
8798730
8798756
8798771
8804314
8806766
8808335
8808703
8810303
8816476
8816482
8816507
8824276
8828738
8831693
8836037
8846788
8855340
8870670
8870674
8873063
8876167
8882641
8887557
8887629
8887635
8887642
8887666
8892890
8898966
8900044
8900050
8900148
8901568
8923453
8928898
8931456
8934537
8938978
8940064
8940068
8941362
8942975
8943074
8943229
8943301
8943338
8945631
8947479
8950032
8955189
8961260
8964505
8972181
8972185
8972203
8978682
8978695
8981362
8985367
8990171
8999857
8999882
9001238
9006910
9006914
9009278
9010223
9011567
9015187
9016559
9016677
9020119
9020146
9030555
9032251
9032255
9032258
9032265
9032283
9032300
9032333
9036928
9038135
9038208
9040943
9041465
9042861
9045713
9048943
9053449
9055817
9056263
9063444
9069166
9084411
9084640
9085936
9089389
9092493
9092564
9092673
9094628
9099515
9104808
9111305
9111322
9111365
9115242
9115440
9121444
9121477
9130477
9130707
9136992
9140065
9142867
9142901
9150133
9150134
9159233
9169460
9171244
9174162
9174170
9175477
9178750
9178905
9180263
9185514
9185579
9185999
9190901
9190940
9196064
9199327
9199872
9202212
9203408
9209478
9209706
9211884
9211933
9218488
9218873
9222604
9236155
9238850
9239537
9242190
9252117
9252379
9252389
9252424
9254668
9268329
9278425
9278454
9278455
9280058
9282329
9282937
9287359
9294161
9299554
9303434
9310369
9312180
9314842
9315634
9325235
9325272
9325329
9326246
9326621
9328468
9330726
9334239
9336467
9341115
9341193
9343435
9347618
9357832
9361185
9365192
9368057
9371597
9371624
9371722
9374395
9374508
9374551
9376596
9387876
9388207
9388250
9389644
9395245
9395511
9407106
9407128
9409734
9413150
9416836
9417081
9417120
9418899
9424084
9426001
9428795
9430690
9436983
9442072
9442384
9442396
9446577
9446612
9446812
9448745
9466818
9466822
9468523
9472608
9478976
9480831
9488451
9488464
9492280
9493551
9497311
9498774
9501094
9506523
9506962
9510963
9513715
9516466
9516472
9517483
9528790
9528950
9528972
9529161
9535907
9540062
9545244
9545342
9551929
9551976
9561840
9563852
9566892
9566900
9568716
9570146
9588207
9590244
9591631
9595399
9597751
9603451
9604008
9605930
9610618
9614069
9616224
9618898
9619443
9620167
9621017
9624117
9626654
9632763
9632821
9639404
9645703
9651321
9651383
9651510
9654079
9658178
9659909
9659924
9660784
9660839
9660935
9662338
9671750
9677331
9679659
9685183
9685340
9685422
9690620
9692555
9694711
9694866
9694869
9696047
9698605
9699716
9700083
9702415
9705341
9706399
9710625
9712644
9714786
9717460
9721620
9726249
9726995
9729453
9738016
9742102
9742105
9743233
9743352
9748293
9748306
9756509
9756895
9756940
9756946
9758167
9760836
9763463
9763605
9763616
9767124
9773974
9774437
9776743
9786909
9792697
9794229
9794795
9795195
9799238
9806888
9806899
9808153
9813041
9817603
9829977
9840809
9843704
9845675
9851700
9851803
9857059
9857074
9858567
9865490
9869301
9872993
9874243
9874597
9875325
9880489
9880555
9880563
9885213
9886051
9888593
9891032
9914518
9916895
9917340
9918792
9920944
9927757
9933587
9950815
9973262
9988683
9990015
